-0.0221271347255
-0.0590826161206
-0.206904545426
0.347427666187
-0.243860021234
-0.243860021234
0.273516714573
-0.317770987749
0.0887393057346
-0.0590826161206
0.0887393057346
-0.169949054718
-0.0590826161206
0.125694796443
-0.0960380956531
0.0148283466697
-0.0221271347255
0.16265027225
-0.243860021234
0.0148283466697
-0.0221271347255
-0.206904545426
0.0887393057346
-0.0221271347255
0.0148283466697
-0.0960380956531
0.0148283466697
-0.0960380956531
-0.0221271347255
-0.0221271347255
-0.0960380956531
0.0148283466697
-0.0960380956531
-0.317770987749
0.236561238766
-0.132993578911
0.0517838262022
-0.0960380956531
0.0517838262022
0.0148283466697
-0.169949054718
0.16265027225
-0.169949054718
0.125694796443
-0.0590826161206
-0.0960380956531
0.0148283466697
-0.0590826161206
0.125694796443
-0.206904545426
0.0887393057346
0.0148283466697
-0.0221271347255
-0.0590826161206
-0.0221271347255
0.0887393057346
-0.0221271347255
0.0517838262022
-0.0590826161206
-0.0960380956531
0.0517838262022
-0.132993578911
0.16265027225
-0.243860021234
0.0517838262022
-0.0221271347255
-0.0590826161206
0.0887393057346
-0.0590826161206
-0.169949054718
0.31047219038
-0.46559292078
0.199605748057
-0.243860021234
-0.0221271347255
0.125694796443
-0.169949054718
0.0517838262022
-0.0221271347255
-0.0590826161206
0.0148283466697
-0.0221271347255
-0.0221271347255
-0.132993578911
-0.0221271347255
0.273516714573
-0.132993578911
-0.0590826161206
0.0887393057346
-0.0590826161206
-0.0590826161206
0.0148283466697
-0.132993578911
-0.0221271347255
0.0887393057346
-0.132993578911
0.0887393057346
0.0517838262022
-0.132993578911
0.0517838262022
-0.169949054718
0.0887393057346
-0.0221271347255
-0.132993578911
0.0517838262022
-0.132993578911
0.0148283466697
-0.0590826161206
-0.0221271347255
-0.0221271347255
-0.0221271347255
-0.0221271347255
-0.0590826161206
-0.0221271347255
-0.0590826161206
0.0148283466697
-0.132993578911
0.0148283466697
0.0148283466697
0.0517838262022
0.0148283466697
-0.0960380956531
-0.0221271347255
0.0148283466697
-0.132993578911
0.0148283466697
-0.169949054718
0.0148283466697
0.0148283466697
0.0517838262022
0.0148283466697
-0.0960380956531
0.0148283466697
-0.0590826161206
0.0148283466697
0.0148283466697
-0.132993578911
0.0148283466697
-0.0960380956531
0.0887393057346
-0.132993578911
-0.0221271347255
0.0517838262022
-0.0960380956531
0.0148283466697
-0.243860021234
0.199605748057
-0.0960380956531
-0.0221271347255
-0.0221271347255
-0.206904545426
0.273516714573
-0.243860021234
0.125694796443
-0.206904545426
0.0517838262022
-0.0221271347255
-0.0960380956531
0.0517838262022
-0.132993578911
0.125694796443
-0.0960380956531
-0.0221271347255
-0.0221271347255
-0.0590826161206
0.0148283466697
-0.0590826161206
0.0148283466697
-0.0590826161206
-0.0590826161206
0.0517838262022
-0.0960380956531
0.0148283466697
0.0148283466697
0.0148283466697
-0.0590826161206
0.0148283466697
-0.0960380956531
-0.0221271347255
0.0148283466697
-0.0590826161206
0.0517838262022
-0.169949054718
0.0887393057346
-0.0590826161206
0.0148283466697
-0.206904545426
0.125694796443
-0.0221271347255
-0.0221271347255
0.0148283466697
-0.0590826161206
-0.0590826161206
0.0148283466697
0.0148283466697
0.0148283466697
-0.280815511942
0.0887393057346
-0.0221271347255
-0.0221271347255
-0.132993578911
0.0887393057346
-0.0590826161206
-0.0590826161206
-0.0590826161206
-0.0221271347255
-0.0590826161206
0.0517838262022
-0.0590826161206
-0.0221271347255
-0.0590826161206
-0.0590826161206
0.0148283466697
-0.0590826161206
-0.0221271347255
-0.0590826161206
0.0148283466697
-0.0221271347255
-0.0221271347255
0.0148283466697
-0.0590826161206
-0.0221271347255
-0.0960380956531
0.0517838262022
0.0148283466697
0.0148283466697
-0.0590826161206
0.0148283466697
0.0148283466697
-0.0590826161206
0.0148283466697
-0.0960380956531
0.0517838262022
-0.0590826161206
0.0517838262022
-0.0590826161206
0.0148283466697
-0.0590826161206
-0.0221271347255
-0.0221271347255
0.0148283466697
0.0148283466697
0.0148283466697
-0.0590826161206
-0.0221271347255
0.0517838262022
-0.0590826161206
0.0148283466697
-0.0221271347255
-0.0221271347255
-0.0221271347255
0.0148283466697
0.0148283466697
-0.0221271347255
-0.0960380956531
-0.0590826161206
-0.0590826161206
-0.0221271347255
-0.0221271347255
0.0148283466697
-0.0960380956531
-0.0221271347255
-0.0221271347255
-0.0221271347255
0.0148283466697
-0.0221271347255
-0.0221271347255
0.0148283466697
-0.0590826161206
-0.0221271347255
0.0517838262022
-0.169949054718
0.0148283466697
0.199605748057
-0.169949054718
0.16265027225
-0.132993578911
-0.0590826161206
0.0517838262022
-0.169949054718
0.0148283466697
-0.132993578911
0.0148283466697
-0.0590826161206
-0.0221271347255
0.0148283466697
-0.132993578911
0.0517838262022
-0.0590826161206
-0.0221271347255
-0.0590826161206
-0.0590826161206
0.0517838262022
-0.0590826161206
-0.0221271347255
-0.0960380956531
0.0517838262022
-0.0221271347255
-0.0221271347255
-0.0221271347255
-0.0590826161206
0.0148283466697
-0.0590826161206
-0.0221271347255
-0.0590826161206
-0.0221271347255
-0.0221271347255
-0.0590826161206
-0.0221271347255
-0.0221271347255
-0.0960380956531
-0.0221271347255
-0.0590826161206
-0.0221271347255
-0.0221271347255
0.0148283466697
-0.0221271347255
-0.0590826161206
-0.0590826161206
0.0148283466697
-0.0590826161206
-0.0590826161206
-0.0221271347255
0.0148283466697
-0.0590826161206
-0.0221271347255
-0.0590826161206
-0.0590826161206
0.0517838262022
-0.0221271347255
-0.0221271347255
0.0148283466697
-0.0221271347255
-0.0221271347255
-0.0221271347255
-0.0221271347255
0.0148283466697
-0.0590826161206
-0.0590826161206
0.0148283466697
-0.0960380956531
-0.0221271347255
-0.132993578911
-0.0221271347255
-0.0221271347255
-0.0221271347255
0.0887393057346
-0.0590826161206
-0.0221271347255
-0.0221271347255
-0.0590826161206
-0.0590826161206
-0.132993578911
0.0148283466697
-0.0221271347255
0.0148283466697
-0.0590826161206
-0.0960380956531
-0.0221271347255
-0.0590826161206
-0.0221271347255
-0.0221271347255
-0.0590826161206
-0.0221271347255
-0.0590826161206
-0.0960380956531
-0.0221271347255
-0.0590826161206
-0.0221271347255
0.0887393057346
0.0517838262022
-0.0221271347255
-0.0590826161206
-0.0590826161206
0.0148283466697
-0.0221271347255
-0.0590826161206
-0.0221271347255
0.0148283466697
-0.0221271347255
-0.0221271347255
0.0887393057346
-0.0221271347255
-0.0960380956531
-0.0221271347255
-0.0590826161206
-0.0221271347255
-0.0221271347255
-0.0221271347255
-0.0221271347255
-0.0590826161206
-0.0221271347255
-0.0590826161206
-0.0221271347255
-0.0590826161206
0.0148283466697
-0.0221271347255
-0.0221271347255
0.0148283466697
-0.0221271347255
-0.0590826161206
-0.0960380956531
-0.0221271347255
-0.0960380956531
0.0517838262022
-0.0590826161206
-0.0221271347255
-0.0221271347255
0.0887393057346
-0.0590826161206
0.0148283466697
-0.0590826161206
-0.0590826161206
0.0887393057346
-0.132993578911
0.0517838262022
-0.0590826161206
0.0148283466697
-0.0221271347255
-0.0590826161206
0.0148283466697
-0.0590826161206
0.0517838262022
-0.0590826161206
-0.0221271347255
-0.0221271347255
-0.0221271347255
-0.0590826161206
0.0148283466697
-0.169949054718
0.0517838262022
-0.0960380956531
0.0148283466697
-0.0590826161206
-0.0221271347255
-0.0221271347255
-0.0590826161206
0.0517838262022
0.0148283466697
-0.132993578911
-0.0590826161206
0.0148283466697
0.0148283466697
0.0887393057346
-0.132993578911
-0.0221271347255
0.0517838262022
-0.0590826161206
-0.0221271347255
-0.0221271347255
0.0148283466697
-0.0221271347255
-0.0221271347255
-0.0960380956531
-0.0960380956531
0.0517838262022
-0.132993578911
0.0517838262022
-0.0590826161206
0.0148283466697
-0.0221271347255
-0.0221271347255
-0.0221271347255
-0.0590826161206
-0.0221271347255
-0.0221271347255
-0.0221271347255
-0.0221271347255
-0.0590826161206
0.0148283466697
0.0148283466697
-0.0221271347255
-0.132993578911
0.0887393057346
-0.0590826161206
-0.0960380956531
0.0148283466697
-0.0590826161206
0.0517838262022
-0.0590826161206
-0.0221271347255
-0.0590826161206
0.0148283466697
0.0148283466697
-0.0960380956531
0.0148283466697
-0.0221271347255
0.0887393057346
-0.0221271347255
-0.0221271347255
0.0148283466697
-0.0221271347255
0.0148283466697
-0.0221271347255
-0.0221271347255
-0.0590826161206
0.0517838262022
-0.0221271347255
-0.0590826161206
-0.0590826161206
-0.0221271347255
0.0148283466697
-0.0221271347255
-0.0590826161206
-0.0590826161206
0.0148283466697
-0.0221271347255
-0.0221271347255
-0.0221271347255
0.0148283466697
-0.0221271347255
0.0148283466697
-0.0590826161206
0.0148283466697
-0.132993578911
0.0887393057346
-0.0590826161206
0.0887393057346
-0.0960380956531
-0.0221271347255
-0.0221271347255
-0.0221271347255
-0.0590826161206
-0.0590826161206
0.0148283466697
-0.0590826161206
0.0517838262022
-0.0590826161206
-0.0221271347255
-0.0590826161206
0.0517838262022
0.0148283466697
-0.0960380956531
0.0887393057346
-0.0960380956531
0.0148283466697
-0.0590826161206
-0.0221271347255
0.0148283466697
-0.0590826161206
0.0148283466697
-0.0590826161206
-0.0221271347255
-0.0590826161206
-0.0221271347255
0.0148283466697
-0.0221271347255
0.0148283466697
-0.0221271347255
0.0148283466697
-0.0590826161206
-0.0590826161206
-0.0221271347255
-0.0221271347255
-0.0590826161206
-0.0590826161206
-0.0590826161206
-0.0590826161206
0.0148283466697
-0.0221271347255
0.0148283466697
-0.132993578911
-0.0221271347255
-0.0221271347255
-0.0221271347255
-0.0590826161206
0.0148283466697
-0.0221271347255
-0.0221271347255
-0.0590826161206
-0.0221271347255
-0.0221271347255
-0.0590826161206
-0.0590826161206
-0.0590826161206
0.125694796443
0.125694796443
-0.0590826161206
-0.0960380956531
0.0887393057346
-0.132993578911
0.0148283466697
-0.0960380956531
-0.0221271347255
-0.0221271347255
-0.0221271347255
-0.0590826161206
-0.0960380956531
0.0148283466697
-0.0590826161206
0.0148283466697
-0.0590826161206
-0.0221271347255
-0.0221271347255
-0.0221271347255
-0.0221271347255
-0.169949054718
-0.0221271347255
-0.0221271347255
-0.206904545426
0.273516714573
-0.243860021234
0.273516714573
-0.243860021234
0.0887393057346
-0.0960380956531
-0.0221271347255
0.16265027225
-0.0590826161206
-0.0221271347255
-0.0960380956531
0.125694796443
-0.0590826161206
-0.0221271347255
-0.0221271347255
0.125694796443
1.04958176613
-0.0960380956531
-0.0221271347255
0.0148283466697
-0.0960380956531
0.0148283466697
-0.0590826161206
-0.0221271347255
-0.0221271347255
-0.0590826161206
0.0517838262022
-0.0960380956531
0.0148283466697
-0.0221271347255
0.0887393057346
0.125694796443
-0.0590826161206
-0.132993578911
0.0517838262022
-0.0590826161206
-0.169949054718
0.0517838262022
-0.0221271347255
0.0148283466697
-0.0960380956531
0.0148283466697
-0.0221271347255
-0.0221271347255
0.0148283466697
-0.169949054718
0.0148283466697
0.0148283466697
-0.0221271347255
-0.0221271347255
-0.0590826161206
-0.0221271347255
-0.0221271347255
0.0148283466697
-0.0590826161206
-0.0590826161206
-0.0221271347255
-0.0221271347255
-0.0590826161206
0.0148283466697
-0.0590826161206
-0.0221271347255
-0.0590826161206
-0.0590826161206
-0.0221271347255
-0.0590826161206
-0.0221271347255
0.0148283466697
-0.0221271347255
-0.0590826161206
0.0148283466697
-0.0590826161206
-0.0221271347255
-0.0221271347255
-0.0221271347255
-0.0221271347255
0.0148283466697
-0.0590826161206
-0.0590826161206
-0.0590826161206
-0.0590826161206
-0.0590826161206
-0.0221271347255
-0.0590826161206
0.0148283466697
-0.0221271347255
-0.0221271347255
-0.0221271347255
-0.0221271347255
-0.0590826161206
-0.0221271347255
-0.0221271347255
-0.0221271347255
-0.0590826161206
-0.0590826161206
0.0148283466697
-0.169949054718
0.0148283466697
-0.0960380956531
-0.0221271347255
-0.0221271347255
-0.0590826161206
0.0148283466697
-0.0960380956531
0.0148283466697
0.0148283466697
-0.0221271347255
-0.0960380956531
0.0148283466697
-0.0590826161206
-0.0221271347255
-0.0221271347255
-0.0590826161206
0.0887393057346
-0.169949054718
0.125694796443
-0.0960380956531
-0.0590826161206
0.0517838262022
-0.0960380956531
0.0148283466697
-0.0960380956531
-0.0590826161206
-0.0221271347255
-0.0590826161206
0.0517838262022
-0.0590826161206
0.0148283466697
-0.0590826161206
-0.0590826161206
-0.0221271347255
-0.0221271347255
-0.0221271347255
-0.0590826161206
-0.0590826161206
0.0148283466697
-0.0221271347255
-0.0221271347255
0.0148283466697
-0.0960380956531
-0.0221271347255
-0.0221271347255
-0.0221271347255
-0.0590826161206
-0.0221271347255
-0.0221271347255
-0.0590826161206
-0.0590826161206
0.0148283466697
-0.0221271347255
0.0148283466697
-0.0590826161206
-0.0590826161206
-0.0221271347255
-0.0960380956531
-0.0221271347255
0.0148283466697
-0.0590826161206
0.0148283466697
-0.0590826161206
-0.0221271347255
0.0517838262022
-0.0221271347255
-0.0221271347255
-0.206904545426
-0.0590826161206
-0.0221271347255
0.0148283466697
-0.0221271347255
-0.0221271347255
-0.0221271347255
-0.0221271347255
-0.0221271347255
-0.0221271347255
-0.0221271347255
-0.0590826161206
-0.0221271347255
-0.0221271347255
-0.0221271347255
-0.0221271347255
-0.0221271347255
-0.0221271347255
-0.0590826161206
-0.0221271347255
-0.0221271347255
-0.0590826161206
0.0148283466697
-0.0221271347255
-0.0221271347255
-0.0221271347255
-0.0221271347255
0.0148283466697
-0.0590826161206
-0.0221271347255
-0.0221271347255
-0.0590826161206
0.0148283466697
-0.354726463556
-0.0960380956531
0.0148283466697
-0.0221271347255
0.125694796443
-0.0960380956531
-0.0221271347255
-0.0960380956531
0.0517838262022
-0.0221271347255
-0.0590826161206
-0.0221271347255
-0.0221271347255
-0.0590826161206
-0.0221271347255
0.0148283466697
0.0148283466697
-0.0590826161206
-0.0590826161206
-0.0221271347255
0.0148283466697
-0.0590826161206
0.0148283466697
-0.0590826161206
0.0517838262022
-0.0221271347255
-0.0590826161206
0.0148283466697
-0.0221271347255
0.0148283466697
-0.0221271347255
-0.0221271347255
-0.0221271347255
-0.0221271347255
-0.0221271347255
-0.0221271347255
-0.0221271347255
-0.0221271347255
-0.0590826161206
-0.0221271347255
-0.0221271347255
0.0148283466697
-0.0590826161206
-0.0221271347255
-0.0590826161206
-0.0221271347255
-0.0590826161206
-0.0590826161206
0.0148283466697
-0.0221271347255
-0.0221271347255
-0.0590826161206
0.0148283466697
0.0148283466697
0.0148283466697
0.0148283466697
0.0148283466697
-0.0221271347255
-0.0590826161206
-0.0221271347255
0.0148283466697
-0.0221271347255
0.0517838262022
0.273516714573
-0.0960380956531
-0.243860021234
0.16265027225
0.0517838262022
-0.0960380956531
-0.428637415171
0.0887393057346
0.0517838262022
-0.0960380956531
0.0517838262022
-0.0590826161206
-0.0221271347255
-0.0590826161206
-0.0590826161206
-0.0590826161206
0.0148283466697
0.0887393057346
-0.0960380956531
-0.0221271347255
-0.0590826161206
0.0148283466697
-0.0221271347255
-0.206904545426
0.0887393057346
-0.132993578911
0.0148283466697
0.0148283466697
-0.0960380956531
0.0148283466697
-0.0590826161206
0.0148283466697
-0.0221271347255
0.0148283466697
-0.0221271347255
-0.0960380956531
0.0148283466697
-0.0960380956531
-0.0221271347255
-0.0590826161206
-0.0221271347255
-0.0960380956531
-0.0960380956531
0.0887393057346
-0.0960380956531
0.0148283466697
0.0148283466697
-0.0590826161206
-0.0590826161206
0.0517838262022
-0.0221271347255
-0.0590826161206
0.125694796443
-0.0221271347255
-0.0221271347255
-0.132993578911
0.0148283466697
0.0148283466697
0.0517838262022
0.0148283466697
-0.169949054718
0.0148283466697
-0.0590826161206
-0.0221271347255
0.0517838262022
-0.206904545426
0.0148283466697
0.0148283466697
-0.0590826161206
0.0148283466697
-0.0960380956531
0.0517838262022
-0.0221271347255
-0.0590826161206
-0.0221271347255
-0.0221271347255
-0.0221271347255
0.0887393057346
-0.0590826161206
0.0148283466697
-0.0960380956531
0.0517838262022
-0.0221271347255
-0.132993578911
-0.0221271347255
-0.0590826161206
-0.0221271347255
-0.0590826161206
-0.0590826161206
-0.0590826161206
-0.0221271347255
-0.0590826161206
-0.0221271347255
-0.0221271347255
0.0148283466697
-0.0221271347255
-0.0590826161206
-0.0221271347255
-0.0221271347255
-0.0590826161206
0.0148283466697
-0.0590826161206
-0.0221271347255
-0.0590826161206
-0.0221271347255
-0.0221271347255
-0.0221271347255
0.0517838262022
-0.0221271347255
-0.0221271347255
-0.0221271347255
-0.0590826161206
-0.0221271347255
0.0148283466697
-0.0590826161206
-0.0221271347255
0.0148283466697
-0.0221271347255
0.0148283466697
-0.0960380956531
-0.0590826161206
-0.0590826161206
-0.0221271347255
-0.0221271347255
-0.0221271347255
-0.0221271347255
-0.0221271347255
-0.0221271347255
-0.0221271347255
-0.0221271347255
-0.0221271347255
0.0148283466697
-0.0960380956531
0.0148283466697
-0.0221271347255
-0.0590826161206
0.0148283466697
-0.0590826161206
0.0517838262022
-0.0221271347255
