1491143476716
1491143476720
1491143476725
1491143476731
1491143476736
1491143476740
1491143476745
1491143476751
1491143476755
1491143476760
1491143476765
1491143476770
1491143476775
1491143476780
1491143476786
1491143476790
1491143476795
1491143476800
1491143476805
1491143476810
1491143476815
1491143476820
1491143476825
1491143476830
1491143476835
1491143476840
1491143476845
1491143476850
1491143476855
1491143476860
1491143476865
1491143476870
1491143476875
1491143476880
1491143476885
1491143476890
1491143476895
1491143476900
1491143476911
1491143476915
1491143476918
1491143476921
1491143476925
1491143476930
1491143476946
1491143476949
1491143476954
1491143476959
1491143476964
1491143476969
1491143476974
1491143476979
1491143476984
1491143476989
1491143476994
1491143476999
1491143477004
1491143477009
1491143477014
1491143477019
1491143477024
1491143477029
1491143477034
1491143477039
1491143477044
1491143477049
1491143477054
1491143477059
1491143477064
1491143477069
1491143477074
1491143477079
1491143477084
1491143477089
1491143477094
1491143477099
1491143477104
1491143477109
1491143477114
1491143477119
1491143477124
1491143477129
1491143477134
1491143477139
1491143477144
1491143477149
1491143477154
1491143477159
1491143477164
1491143477169
1491143477174
1491143477179
1491143477184
1491143477189
1491143477194
1491143477199
1491143477204
1491143477209
1491143477214
1491143477219
1491143477224
1491143477229
1491143477234
1491143477239
1491143477244
1491143477249
1491143477254
1491143477259
1491143477264
1491143477269
1491143477274
1491143477279
1491143477284
1491143477289
1491143477294
1491143477299
1491143477304
1491143477309
1491143477314
1491143477319
1491143477324
1491143477329
1491143477334
1491143477339
1491143477344
1491143477349
1491143477354
1491143477359
1491143477364
1491143477369
1491143477374
1491143477379
1491143477384
1491143477389
1491143477394
1491143477399
1491143477404
1491143477409
1491143477414
1491143477419
1491143477424
1491143477429
1491143477434
1491143477439
1491143477444
1491143477449
1491143477454
1491143477459
1491143477464
1491143477469
1491143477474
1491143477479
1491143477484
1491143477489
1491143477494
1491143477499
1491143477504
1491143477509
1491143477514
1491143477519
1491143477524
1491143477529
1491143477534
1491143477539
1491143477544
1491143477549
1491143477554
1491143477559
1491143477564
1491143477569
1491143477574
1491143477579
1491143477584
1491143477589
1491143477594
1491143477599
1491143477604
1491143477609
1491143477614
1491143477619
1491143477624
1491143477629
1491143477634
1491143477639
1491143477644
1491143477649
1491143477654
1491143477659
1491143477664
1491143477669
1491143477674
1491143477679
1491143477684
1491143477689
1491143477694
1491143477699
1491143477704
1491143477709
1491143477714
1491143477719
1491143477725
1491143477734
1491143477737
1491143477742
1491143477745
1491143477749
1491143477754
1491143477759
1491143477764
1491143477769
1491143477774
1491143477779
1491143477784
1491143477789
1491143477794
1491143477799
1491143477804
1491143477809
1491143477814
1491143477819
1491143477824
1491143477829
1491143477834
1491143477839
1491143477844
1491143477849
1491143477854
1491143477859
1491143477864
1491143477869
1491143477874
1491143477879
1491143477884
1491143477889
1491143477894
1491143477899
1491143477904
1491143477909
1491143477914
1491143477919
1491143477924
1491143477929
1491143477934
1491143477939
1491143477944
1491143477949
1491143477954
1491143477959
1491143477964
1491143477969
1491143477974
1491143477980
1491143477984
1491143477989
1491143477994
1491143477999
1491143478004
1491143478009
1491143478014
1491143478019
1491143478024
1491143478029
1491143478034
1491143478040
1491143478044
1491143478049
1491143478054
1491143478059
1491143478064
1491143478069
1491143478074
1491143478079
1491143478084
1491143478089
1491143478094
1491143478099
1491143478104
1491143478109
1491143478114
1491143478119
1491143478124
1491143478129
1491143478134
1491143478139
1491143478144
1491143478149
1491143478154
1491143478160
1491143478164
1491143478169
1491143478174
1491143478179
1491143478184
1491143478190
1491143478194
1491143478199
1491143478204
1491143478209
1491143478214
1491143478220
1491143478224
1491143478229
1491143478234
1491143478239
1491143478244
1491143478249
1491143478254
1491143478259
1491143478264
1491143478269
1491143478274
1491143478279
1491143478284
1491143478289
1491143478294
1491143478299
1491143478304
1491143478309
1491143478314
1491143478319
1491143478324
1491143478329
1491143478334
1491143478339
1491143478344
1491143478349
1491143478354
1491143478359
1491143478364
1491143478369
1491143478374
1491143478379
1491143478384
1491143478389
1491143478394
1491143478399
1491143478404
1491143478409
1491143478414
1491143478419
1491143478424
1491143478429
1491143478434
1491143478439
1491143478444
1491143478449
1491143478454
1491143478459
1491143478464
1491143478469
1491143478474
1491143478479
1491143478484
1491143478489
1491143478494
1491143478499
1491143478504
1491143478509
1491143478514
1491143478519
1491143478524
1491143478529
1491143478534
1491143478539
1491143478544
1491143478549
1491143478554
1491143478559
1491143478564
1491143478569
1491143478574
1491143478579
1491143478584
1491143478589
1491143478594
1491143478599
1491143478604
1491143478609
1491143478614
1491143478619
1491143478624
1491143478629
1491143478634
1491143478639
1491143478644
1491143478649
1491143478654
1491143478659
1491143478664
1491143478669
1491143478674
1491143478679
1491143478684
1491143478689
1491143478694
1491143478699
1491143478704
1491143478709
1491143478714
1491143478719
1491143478724
1491143478729
1491143478734
1491143478740
1491143478744
1491143478749
1491143478754
1491143478759
1491143478764
1491143478769
1491143478774
1491143478779
1491143478784
1491143478789
1491143478794
1491143478799
1491143478804
1491143478809
1491143478814
1491143478819
1491143478824
1491143478829
1491143478834
1491143478839
1491143478844
1491143478849
1491143478854
1491143478859
1491143478864
1491143478869
1491143478874
1491143478879
1491143478884
1491143478889
1491143478894
1491143478899
1491143478904
1491143478912
1491143478915
1491143478919
1491143478924
1491143478929
1491143478934
1491143478939
1491143478944
1491143478949
1491143478954
1491143478959
1491143478964
1491143478969
1491143478974
1491143478979
1491143478984
1491143478989
1491143478994
1491143478999
1491143479004
1491143479009
1491143479014
1491143479019
1491143479024
1491143479029
1491143479034
1491143479039
1491143479044
1491143479049
1491143479054
1491143479059
1491143479064
1491143479069
1491143479074
1491143479079
1491143479084
1491143479089
1491143479113
1491143479118
1491143479123
1491143479128
1491143479133
1491143479138
1491143479143
1491143479148
1491143479153
1491143479158
1491143479163
1491143479168
1491143479173
1491143479178
1491143479183
1491143479188
1491143479193
1491143479198
1491143479203
1491143479208
1491143479213
1491143479218
1491143479223
1491143479228
1491143479233
1491143479238
1491143479243
1491143479248
1491143479253
1491143479258
1491143479263
1491143479268
1491143479273
1491143479278
1491143479283
1491143479288
1491143479293
1491143479298
1491143479303
1491143479308
1491143479313
1491143479318
1491143479323
1491143479328
1491143479333
1491143479338
1491143479343
1491143479348
1491143479353
1491143479358
1491143479363
1491143479368
1491143479373
1491143479378
1491143479383
1491143479388
1491143479393
1491143479398
1491143479403
1491143479411
1491143479415
1491143479418
1491143479423
1491143479428
1491143479433
1491143479438
1491143479443
1491143479448
1491143479453
1491143479458
1491143479463
1491143479468
1491143479473
1491143479478
1491143479483
1491143479488
1491143479493
1491143479498
1491143479503
1491143479508
1491143479513
1491143479518
1491143479523
1491143479528
1491143479533
1491143479538
1491143479543
1491143479548
1491143479553
1491143479558
1491143479563
1491143479568
1491143479573
1491143479578
1491143479583
1491143479588
1491143479593
1491143479598
1491143479603
1491143479608
1491143479613
1491143479618
1491143479623
1491143479628
1491143479633
1491143479638
1491143479643
1491143479648
1491143479653
1491143479658
1491143479663
1491143479668
1491143479673
1491143479678
1491143479683
1491143479688
1491143479693
1491143479698
1491143479703
1491143479708
1491143479713
1491143479718
1491143479723
1491143479728
1491143479733
1491143479738
1491143479744
1491143479748
1491143479753
1491143479758
1491143479763
1491143479768
1491143479773
1491143479778
1491143479783
1491143479788
1491143479793
1491143479798
1491143479803
1491143479808
1491143479813
1491143479818
1491143479823
1491143479828
1491143479833
1491143479838
1491143479843
1491143479848
1491143479853
1491143479861
1491143479865
1491143479868
1491143479873
1491143479878
1491143479883
1491143479888
1491143479893
1491143479898
1491143479903
1491143479908
1491143479913
1491143479918
1491143479923
1491143479928
1491143479933
1491143479938
1491143479943
1491143479948
1491143479953
1491143479958
1491143479963
1491143479968
1491143479973
1491143479978
1491143479983
1491143479988
1491143479993
1491143479998
1491143480003
1491143480008
1491143480013
1491143480018
1491143480023
1491143480028
1491143480033
1491143480038
1491143480043
1491143480048
1491143480053
1491143480058
1491143480063
1491143480068
1491143480073
1491143480078
1491143480083
1491143480088
1491143480093
1491143480098
1491143480103
1491143480108
1491143480113
1491143480118
1491143480123
1491143480128
1491143480133
1491143480138
1491143480143
1491143480148
1491143480153
1491143480158
1491143480163
1491143480168
1491143480173
1491143480178
1491143480183
1491143480188
1491143480193
1491143480198
1491143480203
1491143480208
1491143480213
1491143480218
1491143480223
1491143480228
1491143480233
1491143480238
1491143480243
1491143480248
1491143480253
1491143480258
1491143480263
1491143480268
1491143480273
1491143480278
1491143480283
1491143480288
1491143480293
1491143480298
1491143480303
1491143480308
1491143480313
1491143480318
1491143480323
1491143480328
1491143480333
1491143480338
1491143480343
1491143480348
1491143480353
1491143480358
1491143480363
1491143480368
1491143480373
1491143480378
1491143480384
1491143480388
1491143480393
1491143480398
1491143480403
1491143480408
1491143480413
1491143480418
1491143480423
1491143480428
1491143480433
1491143480438
1491143480443
1491143480448
1491143480453
1491143480458
1491143480463
1491143480468
1491143480473
1491143480478
1491143480483
1491143480488
1491143480493
1491143480498
1491143480503
1491143480508
1491143480513
1491143480518
1491143480523
1491143480528
1491143480533
1491143480538
1491143480543
1491143480548
1491143480553
1491143480558
1491143480563
1491143480568
1491143480573
1491143480578
1491143480583
1491143480588
1491143480593
1491143480598
1491143480603
1491143480608
1491143480613
1491143480618
1491143480623
1491143480628
1491143480633
1491143480638
1491143480643
1491143480648
1491143480654
1491143480660
1491143480663
1491143480668
1491143480673
1491143480678
1491143480683
1491143480689
1491143480693
1491143480698
1491143480703
1491143480708
1491143480714
1491143480720
1491143480724
1491143480728
1491143480733
1491143480738
1491143480743
1491143480748
1491143480753
1491143480758
1491143480763
1491143480768
1491143480773
1491143480779
1491143480783
1491143480788
1491143480793
1491143480798
1491143480803
1491143480809
1491143480813
1491143480818
1491143480823
1491143480828
1491143480833
1491143480838
1491143480843
1491143480848
1491143480853
1491143480858
1491143480863
1491143480868
1491143480873
1491143480878
1491143480883
1491143480888
1491143480893
1491143480898
1491143480903
1491143480908
1491143480913
1491143480918
1491143480923
1491143480928
1491143480933
1491143480938
1491143480943
1491143480948
1491143480953
1491143480958
1491143480963
1491143480968
1491143480973
1491143480978
1491143480983
1491143480988
1491143480993
1491143480998
1491143481003
1491143481008
1491143481013
1491143481018
1491143481023
1491143481028
1491143481033
1491143481038
1491143481043
1491143481048
1491143481053
1491143481058
1491143481063
1491143481068
1491143481073
1491143481078
1491143481083
1491143481088
1491143481093
1491143481098
1491143481103
1491143481108
1491143481113
1491143481118
1491143481123
1491143481128
1491143481133
1491143481138
1491143481143
1491143481148
1491143481153
1491143481158
1491143481163
1491143481168
1491143481173
1491143481178
1491143481183
1491143481188
1491143481193
1491143481198
1491143481203
1491143481208
1491143481213
1491143481218
1491143481223
1491143481228
1491143481233
1491143481238
1491143481243
1491143481248
1491143481253
1491143481258
1491143481263
1491143481268
1491143481273
1491143481278
1491143481283
1491143481288
1491143481293
1491143481298
1491143481303
1491143481308
1491143481313
1491143481318
1491143481323
1491143481328
1491143481333
1491143481338
1491143481343
1491143481348
1491143481353
1491143481358
1491143481363
1491143481368
1491143481373
1491143481378
1491143481383
1491143481388
1491143481393
1491143481398
1491143481403
1491143481408
1491143481413
1491143481418
1491143481423
1491143481428
1491143481433
1491143481438
1491143481443
1491143481448
1491143481453
1491143481458
1491143481463
1491143481468
1491143481473
1491143481478
1491143481483
1491143481488
1491143481493
1491143481498
1491143481503
1491143481508
1491143481513
1491143481518
1491143481523
1491143481528
1491143481533
1491143481538
1491143481543
1491143481548
1491143481553
1491143481558
1491143481563
1491143481568
1491143481573
1491143481578
1491143481583
1491143481588
1491143481593
1491143481598
1491143481603
1491143481608
1491143481613
1491143481618
1491143481623
1491143481628
1491143481633
1491143481638
1491143481643
1491143481648
1491143481653
1491143481658
1491143481663
1491143481668
1491143481673
1491143481678
1491143481683
1491143481688
1491143481693
1491143481698
1491143481703
1491143481708
1491143481713
1491143481718
1491143481723
1491143481728
1491143481733
1491143481738
1491143481743
1491143481748
1491143481754
1491143481758
1491143481763
1491143481768
1491143481773
1491143481778
1491143481783
1491143481788
1491143481793
1491143481798
1491143481803
1491143481808
1491143481813
1491143481818
1491143481823
1491143481828
1491143481833
1491143481838
1491143481843
1491143481848
1491143481853
1491143481858
1491143481863
1491143481868
1491143481873
1491143481878
1491143481883
1491143481888
1491143481893
1491143481898
1491143481903
1491143481908
1491143481913
1491143481918
1491143481923
1491143481928
1491143481933
1491143481938
1491143481943
1491143481948
1491143481953
1491143481958
1491143481963
1491143481968
1491143481973
1491143481978
1491143481983
1491143481988
1491143481993
1491143481998
1491143482003
1491143482008
1491143482013
1491143482018
1491143482023
1491143482028
1491143482033
1491143482038
1491143482043
1491143482049
1491143482053
1491143482058
1491143482063
1491143482068
1491143482073
1491143482078
1491143482083
1491143482088
1491143482093
1491143482103
1491143482109
1491143482115
1491143482121
1491143482125
1491143482140
1491143482145
1491143482150
1491143482155
1491143482160
1491143482165
1491143482170
1491143482175
1491143482180
1491143482185
1491143482190
1491143482195
1491143482200
1491143482205
1491143482210
1491143482215
1491143482220
1491143482225
1491143482230
1491143482235
1491143482240
1491143482245
1491143482250
1491143482255
1491143482260
1491143482265
1491143482270
1491143482275
1491143482280
1491143482285
1491143482290
1491143482295
1491143482300
1491143482305
1491143482310
1491143482315
1491143482320
1491143482325
1491143482330
1491143482335
1491143482340
1491143482345
1491143482350
1491143482355
1491143482360
1491143482365
1491143482370
1491143482375
1491143482380
1491143482385
1491143482390
1491143482395
1491143482400
1491143482405
1491143482410
1491143482415
1491143482420
1491143482425
1491143482430
1491143482435
1491143482440
1491143482445
1491143482450
1491143482455
1491143482460
1491143482465
1491143482470
1491143482475
1491143482480
1491143482485
1491143482490
1491143482495
1491143482500
1491143482505
1491143482510
1491143482515
1491143482520
1491143482525
1491143482530
1491143482535
1491143482540
1491143482545
1491143482550
1491143482555
1491143482560
1491143482565
1491143482570
1491143482575
1491143482580
1491143482585
1491143482590
1491143482595
1491143482600
1491143482605
1491143482610
1491143482615
1491143482620
1491143482625
1491143482630
1491143482635
1491143482640
1491143482645
1491143482650
1491143482655
1491143482660
1491143482665
1491143482670
1491143482675
1491143482680
1491143482685
1491143482690
1491143482695
1491143482700
1491143482705
1491143482710
1491143482715
1491143482720
1491143482725
1491143482730
1491143482735
1491143482745
1491143482748
1491143482752
1491143482756
1491143482760
1491143482765
1491143482770
1491143482775
1491143482780
1491143482785
1491143482790
1491143482795
1491143482800
1491143482805
1491143482810
1491143482815
1491143482820
1491143482825
1491143482830
1491143482835
1491143482841
1491143482845
1491143482850
1491143482855
1491143482860
1491143482865
1491143482870
1491143482875
1491143482880
1491143482885
1491143482890
1491143482895
1491143482900
1491143482905
1491143482910
1491143482918
1491143482921
1491143482925
1491143482930
1491143482935
1491143482940
1491143482945
1491143482950
1491143482955
1491143482960
1491143482965
1491143482970
1491143482975
1491143482980
1491143482985
1491143482991
1491143482995
1491143483000
1491143483005
1491143483010
1491143483015
1491143483020
1491143483025
1491143483030
1491143483035
1491143483040
1491143483045
1491143483050
1491143483055
1491143483060
1491143483065
1491143483070
1491143483075
1491143483080
1491143483085
1491143483090
1491143483095
1491143483100
1491143483105
1491143483110
1491143483115
1491143483120
1491143483125
1491143483130
1491143483135
1491143483140
1491143483145
1491143483150
1491143483155
1491143483160
1491143483165
1491143483170
1491143483175
1491143483180
1491143483185
1491143483190
1491143483195
1491143483200
1491143483205
1491143483210
1491143483215
1491143483220
1491143483225
1491143483230
1491143483235
1491143483240
1491143483245
1491143483250
1491143483255
1491143483260
1491143483265
1491143483270
1491143483275
1491143483280
1491143483285
1491143483290
1491143483295
1491143483300
1491143483305
1491143483310
1491143483315
1491143483320
1491143483325
1491143483330
1491143483335
1491143483340
1491143483345
1491143483350
1491143483355
1491143483360
1491143483365
1491143483370
1491143483375
1491143483380
1491143483385
1491143483390
1491143483395
1491143483400
1491143483405
1491143483410
1491143483415
1491143483423
1491143483426
1491143483430
1491143483435
1491143483440
1491143483445
1491143483450
1491143483455
1491143483460
1491143483465
1491143483470
1491143483475
1491143483480
1491143483485
1491143483490
1491143483495
1491143483500
1491143483505
1491143483510
1491143483515
1491143483520
1491143483525
1491143483530
1491143483535
1491143483540
1491143483545
1491143483550
1491143483555
1491143483560
1491143483565
1491143483570
1491143483575
1491143483580
1491143483585
1491143483590
1491143483595
1491143483600
1491143483605
1491143483610
1491143483615
1491143483620
1491143483625
1491143483630
1491143483635
1491143483640
1491143483645
1491143483650
1491143483655
1491143483660
1491143483665
1491143483670
1491143483675
1491143483680
1491143483685
1491143483690
1491143483695
1491143483700
1491143483705
1491143483710
1491143483715
1491143483720
1491143483725
1491143483730
1491143483735
1491143483740
1491143483745
1491143483750
1491143483755
1491143483760
1491143483765
1491143483770
1491143483775
1491143483780
1491143483785
1491143483790
1491143483795
1491143483800
1491143483805
1491143483810
1491143483815
1491143483820
1491143483825
1491143483830
1491143483835
1491143483840
1491143483845
1491143483850
1491143483855
1491143483860
1491143483865
1491143483870
1491143483875
1491143483880
1491143483885
1491143483890
1491143483895
1491143483901
1491143483906
1491143483910
1491143483915
1491143483920
1491143483925
1491143483930
1491143483935
1491143483940
1491143483945
1491143483950
1491143483955
1491143483960
1491143483965
1491143483970
1491143483975
1491143483980
1491143483985
1491143483990
1491143483995
1491143484000
1491143484005
1491143484010
1491143484015
1491143484020
1491143484025
1491143484030
1491143484035
1491143484040
1491143484045
1491143484050
1491143484055
1491143484060
1491143484065
1491143484070
1491143484075
1491143484080
1491143486943
1491143486948
1491143486953
1491143486958
1491143486963
1491143486968
1491143486973
1491143486978
1491143486983
1491143486988
1491143486993
1491143486998
1491143487003
1491143487008
1491143487013
1491143487018
1491143487023
1491143487028
1491143487033
1491143487038
1491143487043
1491143487048
1491143487053
1491143487058
1491143487064
1491143487073
1491143487078
1491143487083
1491143487088
1491143487093
1491143487098
1491143487103
1491143487108
1491143487113
1491143487118
1491143487123
1491143487128
1491143487133
1491143487138
1491143487143
1491143487148
1491143487153
1491143487158
1491143487163
1491143487168
1491143487173