1491225203951
1491225204441
1491225205161
1491225205941
1491225206451
1491225207147
1491225207827
1491225208447
1491225209167
1491225209947
1491225210457
1491225211167
1491225211947
1491225212457
1491225213167
1491225213947
1491225214457
1491225215167
1491225215947
1491225216457
1491225217167
1491225217947
1491225218457
1491225219137
1491225219817
1491225220437
1491225221147
1491225221927
1491225222437
1491225223419
1491225224199
1491225224729
1491225225439
1491225226219
1491225226749
1491225227459
1491225228255
1491225228785
1491225229495
1491225230275
1491225230805
1491225231485
1491225232165
1491225232805
1491225233515
1491225234295
1491225234825
1491225235535
1491225236315
1491225236845
1491225237555
1491225238335
1491225238865
1491225239575
1491225240355
1491225240885
1491225241595
1491225242375
1491225242905
1491225243585
1491225244278
1491225244918
1491225245628
1491225246408
1491225246938
1491225247648
1491225248428
1491225248958
1491225249681
1491225250461
1491225250991
1491225251701
1491225252481
1491225253011
1491225253721
1491225254501
1491225255048
1491225255728
1491225256408
1491225257068
1491225257778
1491225258558
1491225259088
1491225259798
1491225260592
1491225261122
1491225261842
1491225262622
1491225263152
1491225263872
1491225264652
1491225265162
1491225265872
1491225266652
1491225267182
1491225267882
1491225268562
1491225269202
1491225269912
1491225270692
1491225271222
1491225271942
1491225272722
1491225273252
1491225273962
1491225274742
1491225275272
1491225275992
1491225276772
1491225277302
1491225278012
1491225278792
1491225279322
1491225280022
1491225280702
1491225281342
1491225282052
1491225282832
1491225283362
1491225284072
1491225284852
1491225285382
1491225286092
1491225286872
1491225287402
1491225288112
1491225288892
1491225289422
1491225290132
1491225290912
1491225291442
1491225292142
1491225292822
1491225293462
1491225294172
1491225294952
1491225295482
1491225296192
1491225296972
1491225297502
1491225298225
1491225299005
1491225299535
1491225300255
1491225301035
1491225301565
1491225302275
1491225303055
1491225303585
1491225304285
1491225304965
1491225305605
1491225306315
1491225307095
1491225307625
1491225308335
1491225309115
1491225309645
1491225310365
1491225311145
1491225311675
1491225312385
1491225313165
1491225313708
1491225314418
1491225315198
1491225315728
1491225316428
1491225317108
1491225317748
1491225318458
1491225319250
1491225319780
1491225320490
1491225321270
1491225321800
1491225322510
1491225323290
1491225323800
1491225324549
1491225325329
1491225325839
1491225326549
1491225327329
1491225327839
1491225328539
1491225329199
1491225329819
1491225330529
1491225331309
1491225331819
1491225332529
1491225333309
1491225333859
1491225334569
1491225335368
1491225335918
1491225336628
1491225337408
1491225337958
1491225338668
1491225339448
1491225339998
1491225340698
1491225341358
1491225342018
1491225342728
1491225343508
1491225344058
1491225344768
1491225345548
1491225346113
1491225346823
1491225347603
1491225348153
1491225348863
1491225349643
1491225350193
1491225350913
1491225351705
1491225352255
1491225352955
1491225353615
1491225354275
1491225354985
1491225355765
1491225356315
1491225357025
1491225357805
1491225358355
1491225359065
1491225359845
1491225360395
1491225361115
1491225361895
1491225362459
1491225363179
1491225363959
1491225364489
1491225365189
1491225365849
1491225366509
1491225367229
1491225368009
1491225368539
1491225369249
1491225370029
1491225370559
1491225371279
1491225372059
1491225372589
1491225373309
1491225374089
1491225374619
1491225375339
1491225376119
1491225376669
1491225377369
1491225378029
1491225378689
1491225379409
1491225380189
1491225380719
1491225381439
1491225382219
1491225382749
1491225383469
1491225384265
1491225384795
1491225385515
1491225386295
1491225386845
1491225387565
1491225388345
1491225388895
1491225389595
1491225390255
1491225390915
1491225391635
1491225392415
1491225392965
1491225393685
1491225394465
1491225395015
1491225395725
1491225396505
1491225397055
1491225397765
1491225398545
1491225399095
1491225399805
1491225400602