1491223064393
1491223064844
1491223065580
1491223066360
1491223066810
1491223069450
1491223070230
1491223070680
1491223071390
1491223072170
1491223072660
1491223073380
1491223074160
1491223074670
1491223075380
1491223076171
1491223076681
1491223077391
1491223078171
1491223078681
1491223081371
1491223082151
1491223082661
1491223083371
1491223084151
1491223084681
1491223085391
1491223086171
1491223086701
1491223087411
1491223088191
1491223088721
1491223089431
1491223090211
1491223090741
1491223093451
1491223094231
1491223094761
1491223095471
1491223096251
1491223096781
1491223097491
1491223098271
1491223098801
1491223099511
1491223100291
1491223100821
1491223101531
1491223102311
1491223103663
1491223106353
1491223107133
1491223107683
1491223108409
1491223109189
1491223109739
1491223110449
1491223111229
1491223111779
1491223112489
1491223113269
1491223113819
1491223114529
1491223115309
1491223115859
1491223118569
1491223119365
1491223119915
1491223120625
1491223121405
1491223121955
1491223122665
1491223123445
1491223123995
1491223124715
1491223125495
1491223126045
1491223126755
1491223127535
1491223128085
1491223130795
1491223131575
1491223132125
1491223132835
1491223133615
1491223134165
1491223134875
1491223135673
1491223136223
1491223136933
1491223137713
1491223138263
1491223138973
1491223139753
1491223140303
1491223143013
1491223143793
1491223144343
1491223145053
1491223145833
1491223146397
1491223147107
1491223147887
1491223148437
1491223149147
1491223149927
1491223150477
1491223151187
1491223151967
1491223152517
1491223155227
1491223156007
1491223156557
1491223157267
1491223158047
1491223158577
1491223159287
1491223160067
1491223160597
1491223161307
1491223162087
1491223162637
1491223163347
1491223164127
1491223164677
1491223167387
1491223168179
1491223168729
1491223169439
1491223170219
1491223170769
1491223171489
1491223172269
1491223172819
1491223173539
1491223174319
1491223174849
1491223175569
1491223176349
1491223176899
1491223179619
1491223180399
1491223180949
1491223181669
1491223182449
1491223182999
1491223183719
1491223184499
1491223185049
1491223185759
1491223186539
1491223187089
1491223187809
1491223188589
1491223189139
1491223191859
1491223192639
1491223193189
1491223193899
1491223194679
1491223195229
1491223195929
1491223196709
1491223197259
1491223197979
1491223198759
1491223199269
1491223199979
1491223200759
1491223201289
1491223203989
1491223204769
1491223205299
1491223206019
1491223206799
1491223207329
1491223208049
1491223208829
1491223209359
1491223210079
1491223210859
1491223211389
1491223212109
1491223212889
1491223213419
1491223216129
1491223216909
1491223217439
1491223218149
1491223218929
1491223219459
1491223220169
1491223220949
1491223221479
1491223222189
1491223222969
1491223223499
1491223224219
1491223224999
1491223225529
1491223228239
1491223229019
1491223229549
1491223230269
1491223231049
1491223231579
1491223232299
1491223233079
1491223233609
1491223234329
1491223235109
1491223235639
1491223236349
1491223237129
1491223237659
1491223240379
1491223241159
1491223241689
1491223242409
1491223243189
1491223243719
1491223244439
1491223245219
1491223245749
1491223246469
1491223247249
1491223247779
1491223248489
1491223249269
1491223249799
1491223252509
1491223253289
1491223253819
1491223254529
1491223255309
1491223255839
1491223256549
1491223257329
1491223257859
1491223258569
1491223259349
1491223259859
1491223260569
1491223261349
1491223261879
1491223264599
1491223265379
1491223265909
1491223266629
1491223267409
1491223267939
1491223268659
1491223269439
1491223269989
1491223270699
1491223271479
1491223272029
1491223272739
1491223273519