1491142894563
1491142894604
1491142894642
1491142894682
1491142894722
1491142894762
1491142894802
1491142894842
1491142894882
1491142894922
1491142894962
1491142895002
1491142895042
1491142895082
1491142895122
1491142895162
1491142895202
1491142895242
1491142895282
1491142895322
1491142895362
1491142895402
1491142895442
1491142895482
1491142895522
1491142895562
1491142895602
1491142895642
1491142895682
1491142895722
1491142895762
1491142895802
1491142895842
1491142895882
1491142895922
1491142895962
1491142896002
1491142896042
1491142896082
1491142896122
1491142896162
1491142896202
1491142896243
1491142896282
1491142896322
1491142896362
1491142896402
1491142896442
1491142896482
1491142896522
1491142896562
1491142896602
1491142896642
1491142896682
1491142896722
1491142896762
1491142896802
1491142896842
1491142896882
1491142896922
1491142896962
1491142897002
1491142897042
1491142897082
1491142897122
1491142897162
1491142897202
1491142897247
1491142897282
1491142897322
1491142897362
1491142897402
1491142897442
1491142897482
1491142897522
1491142897562
1491142897602
1491142897642
1491142897682
1491142897722
1491142897762
1491142897802
1491142897842
1491142897882
1491142897922
1491142897962
1491142898002
1491142898042
1491142898082
1491142898122
1491142898162
1491142898202
1491142898246
1491142898282
1491142898322
1491142898362
1491142898402
1491142898442
1491142898482
1491142898522
1491142898562
1491142898602
1491142898642
1491142898682
1491142898722
1491142898762
1491142898802
1491142898842
1491142898882
1491142898922
1491142898962
1491142899002
1491142899042
1491142899082
1491142899122
1491142899162
1491142899202
1491142899245
1491142899282
1491142899322
1491142899362
1491142899402
1491142899442
1491142899482
1491142899522
1491142899562
1491142899602
1491142899642
1491142899682
1491142899722
1491142899762
1491142899802
1491142899842
1491142899882
1491142899922
1491142899962
1491142900002
1491142900042
1491142900082
1491142900122
1491142900162
1491142900202
1491142900242
1491142900282
1491142900322
1491142900362
1491142900402
1491142900442
1491142900482
1491142900522
1491142900562
1491142900602
1491142900642
1491142900682
1491142900722
1491142900762
1491142900802
1491142900842
1491142900882
1491142900922
1491142900962
1491142901002
1491142901042
1491142901082
1491142901122
1491142901162
1491142901202
1491142901242
1491142901282
1491142901322
1491142901362
1491142901402
1491142901442
1491142901482
1491142901522
1491142901562
1491142901602
1491142901642
1491142901682
1491142901722
1491142901762
1491142901802
1491142901842
1491142901882
1491142901922
1491142901962
1491142902002
1491142902042
1491142902082
1491142902122
1491142902162
1491142902202
1491142902242
1491142902282
1491142902322
1491142902362
1491142902402
1491142902442
1491142902482
1491142902522
1491142902562
1491142902602
1491142902642
1491142902682
1491142902722
1491142902762
1491142902802
1491142902842
1491142902882
1491142902922
1491142902962
1491142903002
1491142903042
1491142903082
1491142903122
1491142903162
1491142903202
1491142903242
1491142903282
1491142903322
1491142903362
1491142903402
1491142903442
1491142903482
1491142903522
1491142903562
1491142903602
1491142903642
1491142903682
1491142903722
1491142903762
1491142903802
1491142903842
1491142903882
1491142903922
1491142903962
1491142904002
1491142904042
1491142904082
1491142904122
1491142904162
1491142906338
1491142906378
1491142906418
1491142906458
1491142906498
1491142906538
1491142906578
1491142906618
1491142906658
1491142906698
1491142906738
1491142906778
1491142906818
1491142906858
1491142906898
1491142906938
1491142906978
1491142907018
1491142907058
1491142907098
1491142907138
1491142907178
1491142907218
1491142907258
1491142907298
1491142907338
1491142907378
1491142907418
1491142907458
1491142907498
1491142907538
1491142907579
1491142907618
1491142907658
1491142907698
1491142907738
1491142907778
1491142907818
1491142907858
1491142907898
1491142907938
1491142907978
1491142908018
1491142908058
1491142908098
1491142908138
1491142908178
1491142908218
1491142908258
1491142908298
1491142908338
1491142908378
1491142908418
1491142908458
1491142908498
1491142908538
1491142908578
1491142908618
1491142908658
1491142908698
1491142908738
1491142908778
1491142908818
1491142908858
1491142908898
1491142908938
1491142908978
1491142909018
1491142909058
1491142909098
1491142909138
1491142909178
1491142909218
1491142909258
1491142909298
1491142909338
1491142909378
1491142909418
1491142909458
1491142909498
1491142909538
1491142909578
1491142909618
1491142909658
1491142909698
1491142909738
1491142909778
1491142909818
1491142909858
1491142909898
1491142909938
1491142909978
1491142910018
1491142910058
1491142910098
1491142910138
1491142910178
1491142910218
1491142910258
1491142910298
1491142910338
1491142910378
1491142910418
1491142910458
1491142910498
1491142910538
1491142910578
1491142910618
1491142910658
1491142910698
1491142910738
1491142910778
1491142910818
1491142910858
1491142910898
1491142910938
1491142910978
1491142911018
1491142911058
1491142911098
1491142911138
1491142911178
1491142911218
1491142911258
1491142911298
1491142911338
1491142911378
1491142911418
1491142911458
1491142911498
1491142911538
1491142911578
1491142911618
1491142911658
1491142911698
1491142911738
1491142911778
1491142911818
1491142911860
1491142911898
1491142911938
1491142911978
1491142912018
1491142912058
1491142912098
1491142912138
1491142912178
1491142912218
1491142912258
1491142912299
1491142912338
1491142912378
1491142912418
1491142912458
1491142912498
1491142912538
1491142912578
1491142912618
1491142912658
1491142912698
1491142912738
1491142912778
1491142912818
1491142912863
1491142912898
1491142912938
1491142912978
1491142913018
1491142913058
1491142913098
1491142913138
1491142913178
1491142913218
1491142913258
1491142913298
1491142913338
1491142913378
1491142913418
1491142913458
1491142913498
1491142913538
1491142913578
1491142913618
1491142913658
1491142913698
1491142913738
1491142913778
1491142913818
1491142913858
1491142913898
1491142913938
1491142913978
1491142914018
1491142914058
1491142914098
1491142914138
1491142914178
1491142914218
1491142914258
1491142914298
1491142914338
1491142914378
1491142914418
1491142914458
1491142914498
1491142914538
1491142914578
1491142914618
1491142914658
1491142914698
1491142914738
1491142914778
1491142914818
1491142914858
1491142914898
1491142914938
1491142914978
1491142915018
1491142915058
1491142915098
1491142915138
1491142915178
1491142915218
1491142915258
1491142915298
1491142915338
1491142915378
1491142915418
1491142915458
1491142915498
1491142915538
1491142915578
1491142915618
1491142915658
1491142915698
1491142915738
1491142915778
1491142915818
1491142915858
1491142915898
1491142915938
1491142915978
1491142916018
1491142916058
1491142916098
1491142916138
1491142916178
1491142916218
1491142916258
1491142916298
1491142916338
1491142916378
1491142916418
1491142916458
1491142916498
1491142916538
1491142916578
1491142916618
1491142916658
1491142916698
1491142916738
1491142916778
1491142916818
1491142916858
1491142916898
1491142916938
1491142916978
1491142917018
1491142917058
1491142917098
1491142917138
1491142917178
1491142917218
1491142917258
1491142917298
1491142917338
1491142917378
1491142917418
1491142917458
1491142917498
1491142917538
1491142917578
1491142917618
1491142917658
1491142917698
1491142917738
1491142917778
1491142917818
1491142917858
1491142917898
1491142917938
1491142917978
1491142918018
1491142918058
1491142918098
1491142918138
1491142918178
1491142918218
1491142918258
1491142918298
1491142918338
1491142918378
1491142918418
1491142918458
1491142918498
1491142918538
1491142918578
1491142918618
1491142918658
1491142918698
1491142918738
1491142918778
1491142918818
1491142918858
1491142918898
1491142918938
1491142918978
1491142919018
1491142919058
1491142919098
1491142919138
1491142919178
1491142919218
1491142919258
1491142919298
1491142919338
1491142919378
1491142919418
1491142919458
1491142919498
1491142919538
1491142919578
1491142919618
1491142919658
1491142919698
1491142919738
1491142919778
1491142919818
1491142919858
1491142919898
1491142919938